453973694165307953197296969697410619233826
734544867157818093234908902110449296423351
1188518561323126046432205871807859915657177
1923063428480944139667114773918309212080528
3111581989804070186099320645726169127737705
5034645418285014325766435419644478339818233
8146227408089084511865756065370647467555938
13180872826374098837632191485015125807374171
21327100234463183349497947550385773274930109
34507973060837282187130139035400899082304280
55835073295300465536628086585786672357234389
90343046356137747723758225621187571439538669
146178119651438213260386312206974243796773058
236521166007575960984144537828161815236311727
382699285659014174244530850035136059033084785
619220451666590135228675387863297874269396512
1001919737325604309473206237898433933302481297
1621140188992194444701881625761731807571877809
2623059926317798754175087863660165740874359106
4244200115309993198876969489421897548446236915
